06/10/2020 2.2210 95439.844 211972
06/10/2020 2.2210 12786.471 28398.8
06/10/2020 1.3740 9311.205 12793.6
07/10/2020 2.2210 95439.844 211972
07/10/2020 2.2210 12786.471 28398.8
07/10/2020 1.3730 9311.205 12784.3
08/10/2020 2.2340 95439.844 213213
08/10/2020 2.2340 12786.471 28565
08/10/2020 1.3740 9311.205 12793.6
09/10/2020 2.2490 95439.844 214644
09/10/2020 2.2490 12786.471 28756.8
09/10/2020 1.3760 9311.205 12812.2
13/10/2020 2.2310 95439.844 212926
13/10/2020 2.2310 12786.471 28526.6
13/10/2020 1.3800 9311.205 12849.5
14/10/2020 2.2220 95439.844 212067
14/10/2020 2.2220 12786.471 28411.5
14/10/2020 1.3810 9311.205 12858.8
15/10/2020 2.1890 95439.844 208918
15/10/2020 2.1890 12786.471 27989.6
15/10/2020 1.3850 9311.205 12896
16/10/2020 2.2150 95439.844 211399
16/10/2020 2.2150 12786.471 28322
16/10/2020 1.3850 9311.205 12896
19/10/2020 2.2050 95439.844 210445
19/10/2020 2.2050 12786.471 28194.2
19/10/2020 1.3860 9311.205 12905.3
20/10/2020 2.2080 95439.844 210731
20/10/2020 2.2080 12786.471 28232.5
20/10/2020 1.3840 9311.205 12886.7
21/10/2020 2.1710 95439.844 207200
21/10/2020 2.1710 12786.471 27759.4
21/10/2020 1.3810 9311.205 12858.8
22/10/2020 2.1770 95439.844 207773
22/10/2020 2.1770 12786.471 27836.1
22/10/2020 1.3760 9311.205 12812.2
23/10/2020 2.2050 95439.844 210445
23/10/2020 2.2050 12786.471 28194.2
23/10/2020 1.3770 9311.205 12821.5
26/10/2020 2.1780 95439.844 207868
26/10/2020 2.1780 12786.471 27848.9
26/10/2020 1.3770 9311.205 12821.5
27/10/2020 2.1540 95439.844 205577
27/10/2020 2.1540 12786.471 27542.1
27/10/2020 1.3820 9311.205 12868.1
29/10/2020 2.0990 95439.844 200328
29/10/2020 2.0990 12786.471 26838.8
29/10/2020 1.3820 9311.205 12868.1
02/11/2020 2.1210 95439.844 202428
02/11/2020 2.1210 12786.471 27120.1
02/11/2020 1.3820 9311.205 12868.1
03/11/2020 2.1680 95439.844 206914
03/11/2020 2.1680 12786.471 27721.1
03/11/2020 1.3770 9311.205 12821.5
04/11/2020 2.2040 95439.844 210349
04/11/2020 2.2040 12786.471 28181.4
04/11/2020 1.3840 9311.205 12886.7
05/11/2020 2.2160 95439.844 211495
05/11/2020 2.2160 12786.471 28334.8
05/11/2020 1.3810 9311.205 12858.8
09/11/2020 2.3220 95439.844 221611
09/11/2020 2.3220 12786.471 29690.2
09/11/2020 1.3700 9311.205 12756.4
10/11/2020 2.3600 95439.844 225238
10/11/2020 2.3600 12786.471 30176.1
10/11/2020 1.3680 9311.205 12737.7
11/11/2020 2.3920 95439.844 228292
11/11/2020 2.3920 12786.471 30585.2
11/11/2020 1.3660 9311.205 12719.1
12/11/2020 2.3820 95439.844 227338
12/11/2020 2.3820 12786.471 30457.4
12/11/2020 1.3730 9311.205 12784.3
13/11/2020 2.3760 95439.844 226765
13/11/2020 2.3760 12786.471 30380.7
13/11/2020 1.3740 9311.205 12793.6
16/11/2020 2.4160 95439.844 230583
16/11/2020 2.4160 12786.471 30892.1
16/11/2020 1.3740 9311.205 12793.6
17/11/2020 2.3960 95439.844 228674
17/11/2020 2.3960 12786.471 30636.4
17/11/2020 1.3760 9311.205 12812.2
18/11/2020 2.4070 95439.844 229724
18/11/2020 2.4070 12786.471 30777
18/11/2020 1.3750 9311.205 12802.9
19/11/2020 2.3880 95439.844 227910
19/11/2020 2.3880 12786.471 30534.1
19/11/2020 1.3770 9311.205 12821.5
20/11/2020 2.3930 95439.844 228388
20/11/2020 2.3930 12786.471 30598
20/11/2020 1.3790 9311.205 12840.2
23/11/2020 2.3910 95439.844 228197
23/11/2020 2.3910 12786.471 30572.5
23/11/2020 1.3770 9311.205 12821.5
24/11/2020 2.4250 95439.844 231442
24/11/2020 2.4250 12786.471 31007.2
24/11/2020 1.3780 9311.205 12830.8
25/11/2020 2.4080 95439.844 229819
25/11/2020 2.4080 12786.471 30789.8
25/11/2020 1.3800 9311.205 12849.5
26/11/2020 2.3980 95439.844 228865
26/11/2020 2.3980 12786.471 30662
26/11/2020 1.3830 9311.205 12877.4
27/11/2020 2.4000 95439.844 229056
27/11/2020 2.4000 12786.471 30687.5
27/11/2020 1.3820 9311.205 12868.1
30/11/2020 2.3660 95439.844 225811
30/11/2020 2.3660 12786.471 30252.8
30/11/2020 1.3810 9311.205 12858.8
01/12/2020 2.4140 95439.844 230392
01/12/2020 2.4140 12786.471 30866.5
01/12/2020 1.3760 9311.205 12812.2
02/12/2020 2.4390 95439.844 232778
02/12/2020 2.4390 12786.471 31186.2
02/12/2020 1.3770 9311.205 12821.5
03/12/2020 2.4530 95439.844 234114
03/12/2020 2.4530 12786.471 31365.2
03/12/2020 1.3800 9311.205 12849.5
04/12/2020 2.4730 95439.844 236023
04/12/2020 2.4730 12786.471 31620.9
04/12/2020 1.3780 9311.205 12830.8
07/12/2020 2.4690 95439.844 235641
07/12/2020 2.4690 12786.471 31569.8
07/12/2020 1.3850 9311.205 12896
08/12/2020 2.4690 95439.844 235641
08/12/2020 2.4690 12786.471 31569.8
08/12/2020 1.3880 9311.205 12924
09/12/2020 2.4710 95439.844 235832
09/12/2020 2.4710 12786.471 31595.4
09/12/2020 1.3880 9311.205 12924
10/12/2020 2.4780 95439.844 236500
10/12/2020 2.4780 12786.471 31684.9
10/12/2020 1.3930 9311.205 12970.5
11/12/2020 2.4590 95439.844 234687
11/12/2020 2.4590 12786.471 31441.9
11/12/2020 1.3960 9311.205 12998.4
14/12/2020 2.4580 95439.844 234591
14/12/2020 2.4580 12786.471 31429.1
14/12/2020 1.3910 9311.205 12951.9
15/12/2020 2.4540 95439.844 234209
15/12/2020 2.4540 12786.471 31378
15/12/2020 1.3870 9311.205 12914.6
16/12/2020 2.4770 95439.844 236404
16/12/2020 2.4770 12786.471 31672.1
16/12/2020 1.3860 9311.205 12905.3
17/12/2020 2.4780 95439.844 236500
17/12/2020 2.4780 12786.471 31684.9
17/12/2020 1.3860 9311.205 12905.3
18/12/2020 2.4680 95439.844 235546
18/12/2020 2.4680 12786.471 31557
18/12/2020 1.3890 9311.205 12933.3
21/12/2020 2.4250 95439.844 231442
21/12/2020 2.4250 12786.471 31007.2
21/12/2020 1.3940 9311.205 12979.8
22/12/2020 2.4410 95439.844 232969
22/12/2020 2.4410 12786.471 31211.8
22/12/2020 1.3960 9311.205 12998.4
23/12/2020 2.4620 95439.844 234973
23/12/2020 2.4620 12786.471 31480.3
23/12/2020 1.3840 9311.205 12886.7
24/12/2020 2.4700 95439.844 235736
24/12/2020 2.4700 12786.471 31582.6
24/12/2020 1.3880 9311.205 12924
29/12/2020 2.5080 95439.844 239363
29/12/2020 2.5080 12786.471 32068.5
29/12/2020 1.3930 9311.205 12970.5
30/12/2020 2.4900 95439.844 237645
30/12/2020 2.4900 12786.471 31838.3
30/12/2020 1.3930 9311.205 12970.5
31/12/2020 2.4580 95439.844 234591
31/12/2020 2.4580 12786.471 31429.1
31/12/2020 1.3950 9311.205 12989.1
04/01/2021 2.4910 95439.844 237741
04/01/2021 2.4910 12786.471 31851.1
04/01/2021 1.3970 9311.205 13007.8
05/01/2021 2.5070 95439.844 239268
05/01/2021 2.5070 12786.471 32055.7
05/01/2021 1.3940 9311.205 12979.8
06/01/2021 2.5820 95439.844 246426
06/01/2021 2.5820 12786.471 33014.7
06/01/2021 1.3920 9311.205 12961.2
07/01/2021 2.5880 95439.844 246998
07/01/2021 2.5880 12786.471 33091.4
07/01/2021 1.3870 9311.205 12914.6
08/01/2021 2.5940 95439.844 247571
08/01/2021 2.5940 12786.471 33168.1
08/01/2021 1.3860 9311.205 12905.3
11/01/2021 2.5660 95439.844 244899
11/01/2021 2.5660 12786.471 32810.1
11/01/2021 1.3840 9311.205 12886.7
12/01/2021 2.5520 95439.844 243562
12/01/2021 2.5520 12786.471 32631.1
12/01/2021 1.3800 9311.205 12849.5
13/01/2021 2.5470 95439.844 243085
13/01/2021 2.5470 12786.471 32567.1
13/01/2021 1.3840 9311.205 12886.7
14/01/2021 2.5680 95439.844 245090
14/01/2021 2.5680 12786.471 32835.7
14/01/2021 1.3850 9311.205 12896
15/01/2021 2.5440 95439.844 242799
15/01/2021 2.5440 12786.471 32528.8
15/01/2021 1.3860 9311.205 12905.3
18/01/2021 2.5400 95439.844 242417
18/01/2021 2.5400 12786.471 32477.6
18/01/2021 1.3860 9311.205 12905.3
19/01/2021 2.5370 95439.844 242131
19/01/2021 2.5370 12786.471 32439.3
19/01/2021 1.3860 9311.205 12905.3
20/01/2021 2.5520 95439.844 243562
20/01/2021 2.5520 12786.471 32631.1
20/01/2021 1.3850 9311.205 12896
21/01/2021 2.5430 95439.844 242704
21/01/2021 2.5430 12786.471 32516
21/01/2021 1.3820 9311.205 12868.1
22/01/2021 2.5320 95439.844 241654
22/01/2021 2.5320 12786.471 32375.3
22/01/2021 1.3840 9311.205 12886.7
25/01/2021 2.5090 95439.844 239459
25/01/2021 2.5090 12786.471 32081.3
25/01/2021 1.3890 9311.205 12933.3
26/01/2021 2.5150 95439.844 240031
26/01/2021 2.5150 12786.471 32158
26/01/2021 1.3880 9311.205 12924
27/01/2021 2.4850 95439.844 237168
27/01/2021 2.4850 12786.471 31774.4
27/01/2021 1.3880 9311.205 12924
28/01/2021 2.4740 95439.844 236118
28/01/2021 2.4740 12786.471 31633.7
28/01/2021 1.3860 9311.205 12905.3
29/01/2021 2.4350 95439.844 232396
29/01/2021 2.4350 12786.471 31135.1
29/01/2021 1.3820 9311.205 12868.1
01/02/2021 2.4570 95439.844 234496
01/02/2021 2.4570 12786.471 31416.4
01/02/2021 1.3830 9311.205 12877.4
02/02/2021 2.4790 95439.844 236595
02/02/2021 2.4790 12786.471 31697.7
02/02/2021 1.3800 9311.205 12849.5
03/02/2021 2.4780 95439.844 236500
03/02/2021 2.4780 12786.471 31684.9
03/02/2021 1.3780 9311.205 12830.8
04/02/2021 2.4780 95439.844 236500
04/02/2021 2.4780 12786.471 31684.9
04/02/2021 1.3710 9311.205 12765.7
05/02/2021 2.4810 95439.844 236786
05/02/2021 2.4810 12786.471 31723.2
05/02/2021 1.3670 9311.205 12728.4
08/02/2021 2.4910 95439.844 237741
08/02/2021 2.4910 12786.471 31851.1
08/02/2021 1.3680 9311.205 12737.7
09/02/2021 2.4950 95439.844 238122
09/02/2021 2.4950 12786.471 31902.2
09/02/2021 1.3700 9311.205 12756.4
10/02/2021 2.4900 95439.844 237645
10/02/2021 2.4900 12786.471 31838.3
10/02/2021 1.3680 9311.205 12737.7
11/02/2021 2.4920 95439.844 237836
11/02/2021 2.4920 12786.471 31863.9
11/02/2021 1.3690 9311.205 12747
12/02/2021 2.5110 95439.844 239649
12/02/2021 2.5110 12786.471 32106.8
12/02/2021 1.3640 9311.205 12700.5
15/02/2021 1.3600 9311.205 12663.2
16/02/2021 2.5670 95439.844 244994
16/02/2021 2.5670 12786.471 32822.9
16/02/2021 1.3550 9311.205 12616.7
17/02/2021 2.5500 95439.844 243372
17/02/2021 2.5500 12786.471 32605.5
17/02/2021 1.3590 9311.205 12653.9
18/02/2021 2.5200 95439.844 240508
18/02/2021 2.5200 12786.471 32221.9
18/02/2021 1.3550 9311.205 12616.7
19/02/2021 2.5250 95439.844 240986
19/02/2021 2.5250 12786.471 32285.8
19/02/2021 1.3470 9311.205 12542.2
22/02/2021 2.5200 95439.844 240508
22/02/2021 2.5200 12786.471 32221.9
22/02/2021 1.3480 9311.205 12551.5
24/02/2021 2.5410 95439.844 242513
24/02/2021 2.5410 12786.471 32490.4
24/02/2021 1.3410 9311.205 12486.3
26/02/2021 2.4840 95439.844 237073
26/02/2021 2.4840 12786.471 31761.6
26/02/2021 1.3340 9311.205 12421.1
01/03/2021 2.5230 95439.844 240795
01/03/2021 2.5230 12786.471 32260.3
01/03/2021 1.3390 9311.205 12467.7
02/03/2021 2.5290 95439.844 241367
02/03/2021 2.5290 12786.471 32337
02/03/2021 1.3450 9311.205 12523.6
03/03/2021 2.5540 95439.844 243753
03/03/2021 2.5540 12786.471 32656.6
03/03/2021 1.3380 9311.205 12458.4
04/03/2021 2.5480 97649.029 248810
04/03/2021 2.5480 12944.242 32981.9
04/03/2021 1.3420 9350.377 12548.2
05/03/2021 2.5350 97649.029 247540
05/03/2021 2.5350 12944.242 32813.7
05/03/2021 1.3380 9350.377 12510.8
