20/12/2019 2.8310 4222.752 11954.6
23/12/2019 2.8470 4222.752 12022.2
24/12/2019 2.8550 4222.752 12056
30/12/2019 2.8410 4222.752 11996.8
31/12/2019 2.8260 4222.752 11933.5
02/01/2020 2.8500 4222.752 12034.8
03/01/2020 2.8530 4222.752 12047.5
06/01/2020 2.8330 4222.752 11963.1
07/01/2020 2.8340 4222.752 11967.3
08/01/2020 2.8310 4222.752 11954.6
09/01/2020 2.8380 4222.752 11984.2
10/01/2020 2.8330 4222.752 11963.1
13/01/2020 2.8460 4222.752 12018
14/01/2020 2.8480 4222.752 12026.4
15/01/2020 2.8530 4222.752 12047.5
16/01/2020 2.8440 4222.752 12009.5
17/01/2020 2.8680 4222.752 12110.9
20/01/2020 2.8590 4222.752 12072.8
21/01/2020 2.8440 4222.752 12009.5
22/01/2020 2.8330 4222.752 11963.1
23/01/2020 2.8090 4222.752 11861.7
24/01/2020 2.8370 4222.752 11979.9
27/01/2020 2.7740 4222.752 11713.9
28/01/2020 2.7980 4222.752 11815.3
29/01/2020 2.8000 4222.752 11823.7
30/01/2020 2.7650 4222.752 11675.9
31/01/2020 2.7330 4222.752 11540.8
03/02/2020 2.7450 4222.752 11591.5
04/02/2020 2.7850 4222.752 11760.4
05/02/2020 2.8000 4222.752 11823.7
06/02/2020 2.8080 4222.752 11857.5
07/02/2020 2.7950 4222.752 11802.6
10/02/2020 2.7890 4222.752 11777.3
11/02/2020 2.8080 4222.752 11857.5
12/02/2020 2.8230 4222.752 11920.8
13/02/2020 2.8000 4222.752 11823.7
14/02/2020 2.7900 4222.752 11781.5
17/02/2020 2.7980 4222.752 11815.3
18/02/2020 2.7790 4222.752 11735
19/02/2020 2.8050 4222.752 11844.8
20/02/2020 2.8020 4222.752 11832.2
21/02/2020 2.7910 4222.752 11785.7
24/02/2020 2.7000 4222.752 11401.4
25/02/2020 2.6480 4222.752 11181.8
26/02/2020 2.6520 4222.752 11198.7
27/02/2020 2.5670 4222.752 10839.8
28/02/2020 2.4890 4222.752 10510.4
02/03/2020 2.5110 4222.752 10603.3
03/03/2020 2.5400 4222.752 10725.8
04/03/2020 2.5700 4222.752 10852.5
05/03/2020 2.5320 4222.752 10692
06/03/2020 2.4440 4222.752 10320.4
09/03/2020 2.2630 4374.23 9898.88
10/03/2020 2.2620 4374.23 9894.51
11/03/2020 2.2310 4374.23 9758.91
12/03/2020 1.9990 4374.23 8744.09
13/03/2020 2.0350 4374.23 8901.56
16/03/2020 1.8940 4374.23 8284.79
17/03/2020 1.9250 4374.23 8420.39
18/03/2020 1.8400 4374.23 8048.58
19/03/2020 1.8570 4374.23 8122.95
23/03/2020 1.8160 4374.23 7943.6
25/03/2020 2.0640 4374.23 9028.41
26/03/2020 2.1160 4374.23 9255.87
27/03/2020 2.0120 4374.23 8800.95
30/03/2020 2.0240 4374.23 8853.44
31/03/2020 2.0670 4374.23 9041.53
01/04/2020 1.9880 4374.23 8695.97
02/04/2020 1.9910 4374.23 8709.09
03/04/2020 1.9640 4374.23 8590.99
06/04/2020 2.0310 4374.23 8884.06
08/04/2020 2.0840 4374.23 9115.9
14/04/2020 2.1240 4374.23 9290.86
15/04/2020 2.0490 4374.23 8962.8
16/04/2020 2.0610 4374.23 9015.29
17/04/2020 2.1180 4374.23 9264.62
20/04/2020 2.1260 4374.23 9299.61
21/04/2020 2.0650 4374.23 9032.78
22/04/2020 2.1070 4374.23 9216.5
23/04/2020 2.1300 4374.23 9317.11
24/04/2020 2.1070 4374.23 9216.5
27/04/2020 2.1400 4374.23 9360.85
28/04/2020 2.1810 4374.23 9540.2
29/04/2020 2.2410 4374.23 9802.65
30/04/2020 2.1690 4374.23 9487.7
01/05/2020 2.1200 4374.23 9273.37
04/05/2020 2.1120 4374.23 9238.37
05/05/2020 2.1440 4374.23 9378.35
06/05/2020 2.1430 4374.23 9373.97
07/05/2020 2.1760 4374.23 9518.32
11/05/2020 2.1780 4374.23 9527.07
12/05/2020 2.1920 4374.23 9588.31
13/05/2020 2.1580 4374.23 9439.59
14/05/2020 2.1010 4374.23 9190.26
15/05/2020 2.1240 4374.23 9290.86
18/05/2020 2.2120 4374.23 9675.8
19/05/2020 2.2070 4374.23 9653.93
20/05/2020 2.2270 4374.23 9741.41
21/05/2020 2.2140 4374.23 9684.55
22/05/2020 2.2070 4374.23 9653.93
26/05/2020 2.2420 4374.23 9807.02
27/05/2020 2.2700 4374.23 9929.5
28/05/2020 2.2980 4374.23 10052
29/05/2020 2.2480 4374.23 9833.27
02/06/2020 2.3010 4374.23 10065.1
04/06/2020 2.3470 4374.23 10266.3
05/06/2020 2.3990 4374.23 10493.8
08/06/2020 2.3950 4374.23 10476.3
09/06/2020 2.3450 4374.23 10257.6
10/06/2020 2.3390 4374.23 10231.3
11/06/2020 2.2500 4374.23 9842.02
12/06/2020 2.2610 4374.23 9890.13
15/06/2020 2.2480 4374.23 9833.27
16/06/2020 2.3110 4374.23 10108.8
22/06/2020 2.3150 4374.23 10126.3
29/06/2020 2.3010 4374.23 10065.1
30/06/2020 2.2820 4374.23 9981.99
01/07/2020 2.2800 4374.23 9973.24
02/07/2020 2.3110 4374.23 10108.8
03/07/2020 2.2840 4374.23 9990.74
06/07/2020 2.3290 4374.23 10187.6
08/07/2020 2.2810 4374.23 9977.62
10/07/2020 2.2640 4374.23 9903.26
13/07/2020 2.2930 4374.23 10030.1
14/07/2020 2.2890 4374.23 10012.6
15/07/2020 2.3280 4374.23 10183.2
16/07/2020 2.3130 4374.23 10117.6
17/07/2020 2.3260 4374.23 10174.5
20/07/2020 2.3180 4374.23 10139.5
21/07/2020 2.3230 4374.23 10161.3
22/07/2020 2.3030 4374.23 10073.9
23/07/2020 2.3060 4374.23 10087
24/07/2020 2.2740 4374.23 9947
27/07/2020 2.2660 4374.23 9912.01
28/07/2020 2.2760 4374.23 9955.75
29/07/2020 2.2760 4374.23 9955.75
30/07/2020 2.2280 4374.23 9745.78
31/07/2020 2.1980 4374.23 9614.56
03/08/2020 2.2440 4374.23 9815.77
04/08/2020 2.2480 4374.23 9833.27
05/08/2020 2.2760 4374.23 9955.75
06/08/2020 2.2530 4374.23 9855.14
07/08/2020 2.2580 4374.23 9877.01
10/08/2020 2.2660 4374.23 9912.01
11/08/2020 2.3040 4374.23 10078.2
12/08/2020 2.3430 4374.23 10248.8
13/08/2020 2.3190 4374.23 10143.8
14/08/2020 2.2860 4374.23 9999.49
17/08/2020 2.2980 4374.23 10052
18/08/2020 2.2790 4374.23 9968.87
19/08/2020 2.2890 4374.23 10012.6
20/08/2020 2.2590 4374.23 9881.39
21/08/2020 2.2570 4374.23 9872.64
24/08/2020 2.2910 4374.23 10021.4
25/08/2020 2.2680 4374.23 9920.75
26/08/2020 2.2740 4374.23 9947
27/08/2020 2.2610 4374.23 9890.13
01/09/2020 2.2160 4374.23 9693.29
02/09/2020 2.2420 4374.23 9807.02
03/09/2020 2.2110 4374.23 9671.42
04/09/2020 2.1930 4374.23 9592.69
07/09/2020 2.2410 4374.23 9802.65
08/09/2020 2.2380 4374.23 9789.53
09/09/2020 2.2630 4374.23 9898.88
10/09/2020 2.2600 4374.23 9885.76
11/09/2020 2.2680 4374.23 9920.75
14/09/2020 2.2690 4374.23 9925.13
15/09/2020 2.2970 4374.23 10047.6
16/09/2020 2.2580 4374.23 9877.01
17/09/2020 2.2480 4374.23 9833.27
18/09/2020 2.2320 4374.23 9763.28
21/09/2020 2.1550 4374.23 9426.47
22/09/2020 2.1620 4374.23 9457.09
23/09/2020 2.1860 4374.23 9562.07
24/09/2020 2.1590 4374.23 9443.96
25/09/2020 2.1700 4374.23 9492.08
28/09/2020 2.2030 4374.23 9636.43
29/09/2020 2.1890 4374.23 9575.19
30/09/2020 2.1830 4374.23 9548.94
01/10/2020 2.1910 4374.23 9583.94
02/10/2020 2.1970 4374.23 9610.18
06/10/2020 2.2210 4374.23 9715.16
07/10/2020 2.2210 4445.083 9872.53
08/10/2020 2.2340 4445.083 9930.32
09/10/2020 2.2490 4445.083 9996.99
13/10/2020 2.2310 4445.083 9916.98
14/10/2020 2.2220 4445.083 9876.97
15/10/2020 2.1890 4445.083 9730.29
16/10/2020 2.2150 4445.083 9845.86
19/10/2020 2.2050 4445.083 9801.41
20/10/2020 2.2080 4445.083 9814.74
21/10/2020 2.1710 4445.083 9650.28
22/10/2020 2.1770 4445.083 9676.95
23/10/2020 2.2050 4445.083 9801.41
26/10/2020 2.1780 4445.083 9681.39
27/10/2020 2.1540 4445.083 9574.71
29/10/2020 2.0990 4445.083 9330.23
02/11/2020 2.1210 4445.083 9428.02
03/11/2020 2.1680 4445.083 9636.94
04/11/2020 2.2040 4445.083 9796.96
05/11/2020 2.2160 4445.083 9850.3
09/11/2020 2.3220 4445.083 10321.5
10/11/2020 2.3600 4445.083 10490.4
11/11/2020 2.3920 4445.083 10632.6
13/11/2020 2.3760 4445.083 10561.5
16/11/2020 2.4160 4445.083 10739.3
17/11/2020 2.3960 4445.083 10650.4
18/11/2020 2.4070 4445.083 10699.3
19/11/2020 2.3880 4445.083 10614.9
20/11/2020 2.3930 4445.083 10637.1
23/11/2020 2.3910 4445.083 10628.2
24/11/2020 2.4250 4445.083 10779.3
25/11/2020 2.4080 4445.083 10703.8
26/11/2020 2.3980 4445.083 10659.3
27/11/2020 2.4000 4445.083 10668.2
30/11/2020 2.3660 4445.083 10517.1
01/12/2020 2.4140 4445.083 10730.4
02/12/2020 2.4390 4445.083 10841.6
03/12/2020 2.4530 4445.083 10903.8
04/12/2020 2.4730 4445.083 10992.7
07/12/2020 2.4690 4445.083 10974.9
08/12/2020 2.4690 4445.083 10974.9
09/12/2020 2.4710 4445.083 10983.8
10/12/2020 2.4780 4445.083 11014.9
11/12/2020 2.4590 4445.083 10930.5
14/12/2020 2.4580 4445.083 10926
15/12/2020 2.4540 4445.083 10908.2
16/12/2020 2.4770 4445.083 11010.5
17/12/2020 2.4780 4445.083 11014.9
18/12/2020 2.4680 4445.083 10970.5
21/12/2020 2.4250 4445.083 10779.3
22/12/2020 2.4410 4445.083 10850.4
23/12/2020 2.4620 4445.083 10943.8
24/12/2020 2.4700 4445.083 10979.4
29/12/2020 2.5080 4445.083 11148.3
30/12/2020 2.4900 4445.083 11068.3
31/12/2020 2.4580 4445.083 10926
04/01/2021 2.4910 4445.083 11072.7
05/01/2021 2.5070 4445.083 11143.8
06/01/2021 2.5820 4445.083 11477.2
07/01/2021 2.5880 4445.083 11503.9
08/01/2021 2.5940 4445.083 11530.5
11/01/2021 2.5660 4445.083 11406.1
12/01/2021 2.5520 4445.083 11343.9
13/01/2021 2.5470 4445.083 11321.6
14/01/2021 2.5680 4445.083 11415
15/01/2021 2.5440 4445.083 11308.3
18/01/2021 2.5400 4445.083 11290.5
19/01/2021 2.5370 4445.083 11277.2
20/01/2021 2.5520 4445.083 11343.9
21/01/2021 2.5430 4445.083 11303.8
22/01/2021 2.5320 4445.083 11255
25/01/2021 2.5090 4445.083 11152.7
26/01/2021 2.5150 4445.083 11179.4
27/01/2021 2.4850 4445.083 11046
28/01/2021 2.4740 4445.083 10997.1
29/01/2021 2.4350 4445.083 10823.8
01/02/2021 2.4570 4445.083 10921.6
02/02/2021 2.4790 4445.083 11019.4
03/02/2021 2.4780 4445.083 11014.9
04/02/2021 2.4780 4445.083 11014.9
05/02/2021 2.4810 4445.083 11028.3
08/02/2021 2.4910 4445.083 11072.7
09/02/2021 2.4950 4445.083 11090.5
10/02/2021 2.4900 4445.083 11068.3
11/02/2021 2.4920 4445.083 11077.1
12/02/2021 2.5110 4445.083 11161.6
15/02/2021 2.5700 4445.083 11423.9
16/02/2021 2.5670 4445.083 11410.5
17/02/2021 2.5500 4445.083 11335
18/02/2021 2.5200 4445.083 11201.6
19/02/2021 2.5250 4445.083 11223.8
22/02/2021 2.5200 4445.083 11201.6
24/02/2021 2.5410 4445.083 11295
26/02/2021 2.4840 4445.083 11041.6
01/03/2021 2.5230 4445.083 11214.9
02/03/2021 2.5290 4445.083 11241.6
03/03/2021 2.5540 4445.083 11352.7
04/03/2021 2.5480 4445.083 11326.1
05/03/2021 2.5350 4445.083 11268.3
08/03/2021 2.5670 4499.932 11551.3
09/03/2021 2.5750 4499.932 11587.3
10/03/2021 2.5740 4499.932 11582.8
11/03/2021 2.5840 4499.932 11627.8
12/03/2021 2.5910 4499.932 11659.3
15/03/2021 2.5880 4499.932 11645.8
16/03/2021 2.5830 4499.932 11623.3
17/03/2021 2.5660 4499.932 11546.8
18/03/2021 2.5730 4499.932 11578.3
19/03/2021 2.5490 4499.932 11470.3
22/03/2021 2.5540 4499.932 11492.8
23/03/2021 2.5430 4499.932 11443.3
24/03/2021 2.5490 4499.932 11470.3
25/03/2021 2.5370 4499.932 11416.3
26/03/2021 2.5620 4499.932 11528.8
29/03/2021 2.5590 4499.932 11515.3
30/03/2021 2.5730 4499.932 11578.3
31/03/2021 2.5550 4499.932 11497.3
01/04/2021 2.5670 4499.932 11551.3
07/04/2021 2.6220 4499.932 11798.8
08/04/2021 2.6430 4499.932 11893.3
09/04/2021 2.6350 4499.932 11857.3
12/04/2021 2.6250 4499.932 11812.3
13/04/2021 2.6280 4499.932 11825.8
14/04/2021 2.6460 4499.932 11906.8
15/04/2021 2.6640 4499.932 11987.8
16/04/2021 2.6750 4499.932 12037.3
19/04/2021 2.6690 4499.932 12010.3
20/04/2021 2.6180 4499.932 11780.8
21/04/2021 2.6280 4499.932 11825.8
22/04/2021 2.6490 4499.932 11920.3
23/04/2021 2.6490 4499.932 11920.3
26/04/2021 2.6610 4499.932 11974.3
27/04/2021 2.6520 4499.932 11933.8
28/04/2021 2.6590 4499.932 11965.3
29/04/2021 2.6580 4499.932 11960.8
30/04/2021 2.6630 4499.932 11983.3
04/05/2021 2.6440 4499.932 11897.8
05/05/2021 2.6810 4499.932 12064.3
06/05/2021 2.6970 4499.932 12136.3
07/05/2021 2.7190 4499.932 12235.3
10/05/2021 2.7160 4499.932 12221.8
11/05/2021 2.6500 4499.932 11924.8
12/05/2021 2.6660 4499.932 11996.8
13/05/2021 2.6540 4499.932 11942.8
14/05/2021 2.6850 4499.932 12082.3
17/05/2021 2.6780 4499.932 12050.8
18/05/2021 2.6810 4499.932 12064.3
19/05/2021 2.6540 4499.932 11942.8
20/05/2021 2.6780 4499.932 12050.8
21/05/2021 2.6810 4499.932 12064.3
24/05/2021 2.6930 4499.932 12118.3
25/05/2021 2.6860 4499.932 12086.8
26/05/2021 2.6900 4499.932 12104.8
27/05/2021 2.6890 4499.932 12100.3
28/05/2021 2.6910 4499.932 12109.3
01/06/2021 2.7130 4499.932 12208.3
02/06/2021 2.7230 4499.932 12253.3
03/06/2021 2.7080 4499.932 12185.8
04/06/2021 2.7100 4499.932 12194.8
07/06/2021 2.7140 4499.932 12212.8
08/06/2021 2.7200 4499.932 12239.8
09/06/2021 2.7120 4499.932 12203.8
10/06/2021 2.7120 4499.932 12203.8
11/06/2021 2.7280 4499.932 12275.8
14/06/2021 2.7320 4499.932 12293.8
15/06/2021 2.7380 4499.932 12320.8
16/06/2021 2.7410 4499.932 12334.3
18/06/2021 2.6840 4499.932 12077.8
21/06/2021 2.7000 4499.932 12149.8
22/06/2021 2.7130 4499.932 12208.3
23/06/2021 2.7090 4499.932 12190.3
24/06/2021 2.7190 4499.932 12235.3
25/06/2021 2.7290 4499.932 12280.3
28/06/2021 2.7080 4499.932 12185.8
29/06/2021 2.7130 4499.932 12208.3
30/06/2021 2.6940 4499.932 12122.8
01/07/2021 2.7260 4499.932 12266.8
02/07/2021 2.7280 4544.927 12398.6
05/07/2021 1.4950 8357.198 12494
06/07/2021 1.4920 8357.198 12468.9
07/07/2021 1.4910 8357.198 12460.6
08/07/2021 1.4830 8357.198 12393.7
09/07/2021 1.4790 8357.198 12360.3
12/07/2021 1.4810 8357.198 12377
13/07/2021 1.4870 8357.198 12427.2
14/07/2021 1.4860 8357.198 12418.8
15/07/2021 1.4800 8357.198 12368.7
16/07/2021 1.4810 8357.198 12377
19/07/2021 1.4680 8357.198 12268.4
20/07/2021 1.4660 8357.198 12251.7
21/07/2021 1.4790 8357.198 12360.3
22/07/2021 1.4800 8357.198 12368.7
23/07/2021 1.4840 8357.198 12402.1
26/07/2021 1.4760 8357.198 12335.2
27/07/2021 1.4650 8357.198 12243.3
28/07/2021 1.4540 8357.198 12151.4
29/07/2021 1.4640 8357.198 12234.9
30/07/2021 1.4600 8357.198 12201.5
02/08/2021 1.4620 8357.198 12218.2
03/08/2021 1.4680 8357.198 12268.4
04/08/2021 1.4720 8357.198 12301.8
05/08/2021 1.4740 8357.198 12318.5
06/08/2021 1.4720 8357.198 12301.8
09/08/2021 1.4730 8357.198 12310.2
10/08/2021 1.4780 8357.198 12351.9
11/08/2021 1.4830 8357.198 12393.7
12/08/2021 1.4830 8357.198 12393.7
13/08/2021 1.4850 8357.198 12410.4
16/08/2021 1.4750 8357.198 12326.9
17/08/2021 1.4730 8357.198 12310.2
18/08/2021 1.4740 8357.198 12318.5
19/08/2021 1.4610 8357.198 12209.9
20/08/2021 1.4580 8357.198 12184.8
23/08/2021 1.4660 8357.198 12251.7
24/08/2021 1.4730 8357.198 12310.2
25/08/2021 1.4840 8357.198 12402.1
26/08/2021 1.4820 8357.198 12385.4
27/08/2021 1.4800 8357.198 12368.7
31/08/2021 1.4900 8357.198 12452.2
01/09/2021 1.5010 8357.198 12544.2
02/09/2021 1.5030 8357.198 12560.9
03/09/2021 1.5030 8357.198 12560.9
06/09/2021 1.5080 8357.198 12602.7
07/09/2021 1.5140 8357.198 12652.8
08/09/2021 1.5100 8357.198 12619.4
09/09/2021 1.4970 8357.198 12510.7
10/09/2021 1.4920 8357.198 12468.9
13/09/2021 1.4930 8357.198 12477.3
14/09/2021 1.4900 8357.198 12452.2
15/09/2021 1.4870 8357.198 12427.2
16/09/2021 1.4860 8357.198 12418.8
17/09/2021 1.4840 8357.198 12402.1
20/09/2021 1.4680 8357.198 12268.4
21/09/2021 1.4710 8357.198 12293.4
22/09/2021 1.4800 8357.198 12368.7
23/09/2021 1.4840 8357.198 12402.1
24/09/2021 1.4850 8357.198 12410.4
27/09/2021 1.4820 8357.198 12385.4
28/09/2021 1.4780 8357.198 12351.9
29/09/2021 1.4800 8357.198 12368.7
30/09/2021 1.4800 8357.198 12368.7
01/10/2021 1.4660 8357.198 12251.7
04/10/2021 1.4580 8357.198 12184.8
05/10/2021 1.4500 8357.198 12117.9
06/10/2021 1.4410 8357.198 12042.7
07/10/2021 1.4540 8357.198 12151.4
08/10/2021 1.4600 8357.198 12201.5
11/10/2021 1.4640 8357.198 12234.9
12/10/2021 1.4610 8357.198 12209.9
13/10/2021 1.4600 8357.198 12201.5
15/10/2021 1.4760 8357.198 12335.2
18/10/2021 1.4770 8357.198 12343.6
19/10/2021 1.4800 8357.198 12368.7
20/10/2021 1.4860 8357.198 12418.8
21/10/2021 1.4820 8357.198 12385.4
22/10/2021 1.4840 8357.198 12402.1
25/10/2021 1.4860 8394.408 12474.1
26/10/2021 1.4920 8394.408 12524.5
27/10/2021 1.4930 8394.408 12532.9
28/10/2021 1.4890 8394.408 12499.3
29/10/2021 1.4840 8394.408 12457.3
01/11/2021 1.4940 8394.408 12541.2
02/11/2021 1.4980 8394.408 12574.8
03/11/2021 1.4990 8394.408 12583.2
04/11/2021 1.5060 8394.408 12642
05/11/2021 1.5210 8394.408 12767.9
08/11/2021 1.5190 8394.408 12751.1
09/11/2021 1.5150 8394.408 12717.5
10/11/2021 1.5160 8394.408 12725.9
11/11/2021 1.5240 8394.408 12793.1
12/11/2021 1.5310 8394.408 12851.8
15/11/2021 1.5340 8394.408 12877
16/11/2021 1.5330 8394.408 12868.6
17/11/2021 1.5290 8394.408 12835
18/11/2021 1.5210 8394.408 12767.9
19/11/2021 1.5160 8394.408 12725.9
22/11/2021 1.5160 8394.408 12725.9
23/11/2021 1.5150 8394.408 12717.5
24/11/2021 1.5100 8394.408 12675.6
25/11/2021 1.5170 8394.408 12734.3
26/11/2021 1.4950 8394.408 12549.6
29/11/2021 1.4800 8394.408 12423.7
30/11/2021 1.4740 8394.408 12373.4
01/12/2021 1.4810 8394.408 12432.1
02/12/2021 1.4770 8394.408 12398.5
03/12/2021 1.4870 8394.408 12482.5
06/12/2021 1.4850 8394.408 12465.7
07/12/2021 1.5040 8394.408 12625.2
08/12/2021 1.5210 8394.408 12767.9
09/12/2021 1.5240 8394.408 12793.1
10/12/2021 1.5170 8394.408 12734.3
13/12/2021 1.5110 8394.408 12684
14/12/2021 1.5030 8394.408 12616.8
15/12/2021 1.4940 8394.408 12541.2
16/12/2021 1.5050 8394.408 12633.6
17/12/2021 1.4980 8394.408 12574.8
20/12/2021 1.4860 8394.408 12474.1
21/12/2021 1.4880 8394.408 12490.9
22/12/2021 1.4960 8394.408 12558
23/12/2021 1.4990 8394.408 12583.2
24/12/2021 1.5030 8394.408 12616.8
29/12/2021 1.5080 8394.408 12658.8
30/12/2021 1.5040 8394.408 12625.2
31/12/2021 1.5050 8394.408 12633.6
04/01/2022 1.5120 8394.408 12692.3
05/01/2022 1.5130 8394.408 12700.7
06/01/2022 1.4940 8394.408 12541.2
07/01/2022 1.4910 8394.408 12516.1
10/01/2022 1.4900 8394.408 12507.7
11/01/2022 1.4920 8394.408 12524.5
12/01/2022 1.5010 8394.408 12600
13/01/2022 1.5030 8394.408 12616.8
14/01/2022 1.4930 8394.408 12532.9
17/01/2022 1.4970 8394.408 12566.4
18/01/2022 1.4920 8394.408 12524.5
19/01/2022 1.4830 8394.408 12448.9
20/01/2022 1.4840 8394.408 12457.3
21/01/2022 1.4780 8394.408 12406.9
24/01/2022 1.4590 8394.408 12247.4
25/01/2022 1.4520 8394.408 12188.7
26/01/2022 1.4510 8394.408 12180.3
27/01/2022 1.4450 8394.408 12129.9
28/01/2022 1.4370 8394.408 12062.8
31/01/2022 1.4480 8394.408 12155.1
01/02/2022 1.4490 8394.408 12163.5
02/02/2022 1.4560 8394.408 12222.3
03/02/2022 1.4480 8394.408 12155.1
04/02/2022 1.4410 8394.408 12096.3
07/02/2022 1.4510 8394.408 12180.3
08/02/2022 1.4490 8394.408 12163.5
09/02/2022 1.4620 8394.408 12272.6
10/02/2022 1.4750 8394.408 12381.8
11/02/2022 1.4660 8394.408 12306.2
14/02/2022 1.4430 8394.408 12113.1
15/02/2022 1.4490 8394.408 12163.5
16/02/2022 1.4580 8394.408 12239
17/02/2022 1.4560 8394.408 12222.3
18/02/2022 1.4460 8394.408 12138.3
21/02/2022 1.4340 8394.408 12037.6
22/02/2022 1.4270 8394.408 11978.8
23/02/2022 1.4230 8394.408 11945.2
24/02/2022 1.3950 8394.408 11710.2
25/02/2022 1.4130 8394.408 11861.3
28/02/2022 1.4160 8394.408 11886.5
01/03/2022 1.4100 8394.408 11836.1
02/03/2022 1.4090 8394.408 11827.7
03/03/2022 1.4020 8394.408 11769
04/03/2022 1.3770 8394.408 11559.1
07/03/2022 1.3600 8394.408 11416.4
08/03/2022 1.3480 8394.408 11315.7
09/03/2022 1.3570 8394.408 11391.2
10/03/2022 1.3720 8394.408 11517.1
11/03/2022 1.3800 8394.408 11584.3
14/03/2022 1.3720 8394.408 11517.1
15/03/2022 1.3590 8394.408 11408
16/03/2022 1.3800 8394.408 11584.3
17/03/2022 1.4080 8394.408 11819.3
18/03/2022 1.4200 8394.408 11920.1
21/03/2022 1.4280 8394.408 11987.2
22/03/2022 1.4240 8394.408 11953.6
23/03/2022 1.4330 8394.408 12029.2
24/03/2022 1.4340 8394.408 12037.6
25/03/2022 1.4370 8394.408 12062.8
28/03/2022 1.4330 8394.408 12029.2
29/03/2022 1.4510 8394.408 12180.3
30/03/2022 1.4580 8394.408 12239
31/03/2022 1.4550 8466.326 12318.5
04/04/2022 1.4560 8466.326 12327
05/04/2022 1.4610 8466.326 12369.3
06/04/2022 1.4490 8466.326 12267.7
07/04/2022 1.4390 8466.326 12183
08/04/2022 1.4420 8466.326 12208.4
11/04/2022 1.4380 8466.326 12174.6
12/04/2022 1.4230 8466.326 12047.6
13/04/2022 1.4250 8466.326 12064.5
14/04/2022 1.4300 8466.326 12106.8
19/04/2022 1.4180 8466.326 12005.3
20/04/2022 1.4270 8466.326 12081.4
21/04/2022 1.4280 8466.326 12089.9
22/04/2022 1.4170 8466.326 11996.8
25/04/2022 1.4030 8466.326 11878.3
26/04/2022 1.4050 8466.326 11895.2
27/04/2022 1.4030 8466.326 11878.3
28/04/2022 1.4150 8466.326 11979.9
29/04/2022 1.4280 8466.326 12089.9
03/05/2022 1.4190 8466.326 12013.7
04/05/2022 1.4160 8466.326 11988.3
05/05/2022 1.4250 8466.326 12064.5
06/05/2022 1.4150 8466.326 11979.9
09/05/2022 1.3850 8466.326 11725.9
10/05/2022 1.3760 8466.326 11649.7
11/05/2022 1.3790 8466.326 11675.1
12/05/2022 1.3680 8466.326 11581.9
13/05/2022 1.3820 8466.326 11700.5
16/05/2022 1.3940 8466.326 11802.1
17/05/2022 1.3960 8466.326 11819
18/05/2022 1.4010 8466.326 11861.3
19/05/2022 1.3800 8466.326 11683.5
20/05/2022 1.3840 8466.326 11717.4
23/05/2022 1.3940 8466.326 11802.1
24/05/2022 1.3920 8466.326 11785.1
25/05/2022 1.3890 8466.326 11759.7
26/05/2022 1.3900 8466.326 11768.2
27/05/2022 1.4020 8466.326 11869.8
30/05/2022 1.4210 8466.326 12030.6
31/05/2022 1.4270 8466.326 12081.4
01/06/2022 1.4240 8466.326 12056
06/06/2022 1.4290 8466.326 12098.4
07/06/2022 1.4250 8466.326 12064.5
08/06/2022 1.4210 8466.326 12030.6
09/06/2022 1.4190 8466.326 12013.7
10/06/2022 1.3970 8466.326 11827.5
13/06/2022 1.3780 8466.326 11666.6
14/06/2022 1.3670 8466.326 11573.5
15/06/2022 1.3730 8466.326 11624.3
16/06/2022 1.3530 8466.326 11454.9
17/06/2022 1.3320 8466.326 11277.1
20/06/2022 1.3350 8466.326 11302.5
21/06/2022 1.3400 8466.326 11344.9
22/06/2022 1.3360 8466.326 11311
23/06/2022 1.3310 8466.326 11268.7
24/06/2022 1.3420 8466.326 11361.8
27/06/2022 1.3660 8466.326 11565
28/06/2022 1.3770 8466.326 11658.1
29/06/2022 1.3720 8466.326 11615.8
30/06/2022 1.3570 8466.326 11488.8
01/07/2022 1.3510 8466.326 11438
04/07/2022 1.3590 8466.326 11505.7
05/07/2022 1.3510 8466.326 11438
06/07/2022 1.3610 8466.326 11522.7
07/07/2022 1.3650 8466.326 11556.5
08/07/2022 1.3720 8466.326 11615.8
11/07/2022 1.3710 8466.326 11607.3
12/07/2022 1.3650 8466.326 11556.5
13/07/2022 1.3580 8466.326 11497.3
14/07/2022 1.3510 8466.326 11438
18/07/2022 1.3660 8466.326 11565
19/07/2022 1.3670 8466.326 11573.5
20/07/2022 1.3800 8466.326 11683.5
21/07/2022 1.3870 8466.326 11742.8
22/07/2022 1.3970 8466.326 11827.5
25/07/2022 1.3880 8466.326 11751.3
26/07/2022 1.3880 8466.326 11751.3
27/07/2022 1.3870 8466.326 11742.8
28/07/2022 1.3930 8466.326 11793.6
29/07/2022 1.4030 8466.326 11878.3
01/08/2022 1.3910 8466.326 11776.7
02/08/2022 1.3830 8466.326 11708.9
03/08/2022 1.3820 8466.326 11700.5
04/08/2022 1.3930 8466.326 11793.6
05/08/2022 1.4020 8466.326 11869.8
08/08/2022 1.4060 8466.326 11903.7
09/08/2022 1.4020 8466.326 11869.8
10/08/2022 1.4010 8466.326 11861.3
11/08/2022 1.4030 8466.326 11878.3
12/08/2022 1.4170 8466.326 11996.8
15/08/2022 1.4280 8466.326 12089.9
16/08/2022 1.4320 8466.326 12123.8
17/08/2022 1.4270 8466.326 12081.4
18/08/2022 1.4270 8466.326 12081.4
19/08/2022 1.4320 8466.326 12123.8
22/08/2022 1.4290 8466.326 12098.4
23/08/2022 1.4160 8466.326 11988.3
24/08/2022 1.4080 8466.326 11920.6
25/08/2022 1.4140 8466.326 11971.4
26/08/2022 1.4210 8466.326 12030.6
30/08/2022 1.4120 8466.326 11954.5
31/08/2022 1.4070 8466.326 11912.1
01/09/2022 1.3930 8466.326 11793.6
02/09/2022 1.3920 8466.326 11785.1
05/09/2022 1.3880 8466.326 11751.3
06/09/2022 1.3890 8466.326 11759.7
07/09/2022 1.3800 8466.326 11683.5
08/09/2022 1.3860 8466.326 11734.3
09/09/2022 1.4000 8466.326 11852.9
12/09/2022 1.4100 8466.326 11937.5
13/09/2022 1.4110 8466.326 11946
14/09/2022 1.3950 8466.326 11810.5
15/09/2022 1.3880 8466.326 11751.3
16/09/2022 1.3850 8466.326 11725.9
20/09/2022 1.3760 8466.326 11649.7
21/09/2022 1.3770 8466.326 11658.1
22/09/2022 1.3690 8466.326 11590.4
23/09/2022 1.3610 8466.326 11522.7
26/09/2022 1.3690 8466.326 11590.4
27/09/2022 1.3620 8466.326 11531.1
28/09/2022 1.3600 8466.326 11514.2
29/09/2022 1.3510 8466.326 11438
30/09/2022 1.3220 8466.326 11192.5
03/10/2022 1.3060 8466.326 11057
04/10/2022 1.3260 8466.326 11226.3
05/10/2022 1.3370 8466.326 11319.5
06/10/2022 1.3500 8466.326 11429.5
07/10/2022 1.3470 8466.326 11404.1
10/10/2022 1.3370 8466.326 11319.5
11/10/2022 1.3210 8466.326 11184
12/10/2022 1.3090 8466.326 11082.4
13/10/2022 1.3030 8466.326 11031.6
14/10/2022 1.3030 8466.326 11031.6
17/10/2022 1.3000 8466.326 11006.2
18/10/2022 1.3080 8466.326 11074
19/10/2022 1.3150 8466.326 11133.2
20/10/2022 1.3130 8466.326 11116.3
24/10/2022 1.3150 8466.326 11133.2
25/10/2022 1.3090 8466.326 11082.4
26/10/2022 1.3090 8466.326 11082.4
27/10/2022 1.3090 8466.326 11082.4
28/10/2022 1.3050 8466.326 11048.6
31/10/2022 1.3070 8466.326 11065.5
01/11/2022 1.3250 8466.326 11217.9
02/11/2022 1.3330 8466.326 11285.6
03/11/2022 1.3330 8466.326 11285.6
04/11/2022 1.3520 8466.326 11446.5
07/11/2022 1.3580 8466.326 11497.3
08/11/2022 1.3580 8466.326 11497.3
09/11/2022 1.3610 8466.326 11522.7
10/11/2022 1.3660 8466.326 11565
11/11/2022 1.3780 8466.326 11666.6
14/11/2022 1.3920 8466.326 11785.1
15/11/2022 1.3970 8466.326 11827.5
16/11/2022 1.3920 8466.326 11785.1
17/11/2022 1.3830 8466.326 11708.9
18/11/2022 1.3860 8466.326 11734.3
21/11/2022 1.3780 8466.326 11666.6
22/11/2022 1.3820 8466.326 11700.5
23/11/2022 1.3810 8466.326 11692
24/11/2022 1.3820 8466.326 11700.5
25/11/2022 1.3830 8466.326 11708.9
28/11/2022 1.3800 8466.326 11683.5
29/11/2022 1.3820 8466.326 11700.5
30/11/2022 1.3940 8466.326 11802.1
01/12/2022 1.4100 8466.326 11937.5
02/12/2022 1.3950 8466.326 11810.5
